1.582088822774235185e-03
1.706611306909443845e-03
1.831029990677929308e-03
1.947183321096731786e-03
2.059600983663085853e-03
2.191765234868018730e-03
2.310031966030043002e-03
2.406738259937828920e-03
2.484398692368321171e-03
2.567490531373814704e-03
2.633696167313193722e-03
2.722369251615696685e-03
2.793011391668551516e-03
2.841057857014701090e-03
2.905340653903617197e-03
2.967973399630503221e-03
3.012193049818306413e-03
3.044916974866986991e-03
3.080688058512250430e-03
3.112203067126051263e-03
3.147084978697836828e-03
3.148176132486837399e-03
3.188968653938262406e-03
3.210556389098584776e-03
3.204297522655897342e-03
3.202228739171334923e-03
3.171470706707219672e-03
3.162584075301309861e-03
3.150502373505465175e-03
3.137625309059098415e-03
3.114031009945100476e-03
3.077391471301077226e-03
3.044584169714333217e-03
3.003092100301120015e-03
2.946580235773338212e-03
2.894006001952535972e-03
2.834519575975495351e-03
2.793457663365756481e-03
2.732135126168540144e-03
2.658354697477311509e-03
2.564890485753176189e-03
2.491596766612117538e-03
2.401647417328583826e-03
2.303429615929173183e-03
2.212254648061684481e-03
2.092941721450289339e-03
1.988057573526936551e-03
1.862286767674477261e-03
1.725191646590893075e-03
1.605624188465074216e-03
0.000000000000000000e+00
