-2.556240507220969516e+00 -2.988419432609068505e+00 3.000000000000000000e+00
5.927331989135453227e+00 1.225554859930609641e+00 2.000000000000000000e+00
4.377195901062854944e+00 -3.349296741086687401e+00 2.000000000000000000e+00
7.530334167736212336e-01 -1.494939625557355212e-01 3.000000000000000000e+00
-6.263799747785482319e-01 -1.702333764247505821e+00 4.000000000000000000e+00
2.698548672007165528e-01 -7.926672355039864060e-02 6.000000000000000000e+00
-1.155875551631853737e+00 -3.894070144090290952e+00 3.000000000000000000e+00
-2.107293738438075437e+00 1.379156367948970230e+00 6.000000000000000000e+00
0.000000000000000000e+00 0.000000000000000000e+00 0.000000000000000000e+00
-1.011066150643391115e+00 1.900056766014432297e+00 6.000000000000000000e+00
-1.067711773851186763e+00 2.667101229393977757e+00 4.000000000000000000e+00
-2.973316017118689647e+00 5.104028724249659810e+00 3.000000000000000000e+00
2.507161752633715324e+00 -1.860261235392824286e+00 4.000000000000000000e+00
-1.219511669136052578e+00 -2.341494433598986236e-01 2.000000000000000000e+00
-3.733927801391006440e+00 3.918959592032026151e+00 6.000000000000000000e+00
1.957021589028056452e+00 -1.343324441854625961e+00 6.000000000000000000e+00
8.571288014801750066e-01 -2.988099893291943143e+00 2.000000000000000000e+00
-5.514156386392724762e+00 -2.576678860912996472e-01 4.000000000000000000e+00
-1.955706869574420415e+00 -1.483142741953420440e+00 2.000000000000000000e+00
-2.786486511134242949e-01 -2.783158775746134239e+00 4.000000000000000000e+00
1.295171377842463611e+00 2.461062458141070053e-01 9.000000000000000000e+00
3.707873589339596876e+00 -2.931695735334867159e+00 1.000000000000000000e+00
-1.116680237165778244e+00 -9.198715014804694334e+00 1.000000000000000000e+00
5.635652685886077817e-01 -9.611173524479396102e-01 3.000000000000000000e+00
-1.027926511691848255e+01 4.521438666509218329e+00 1.000000000000000000e+00
-2.583411810513522866e-01 1.356649972330938869e+00 4.000000000000000000e+00
-1.776021280633466315e+00 -1.250109241801512283e+00 4.000000000000000000e+00
1.157246274511581241e+00 3.333764626463577851e+00 6.000000000000000000e+00
1.900896524567693868e+00 3.020812708474847619e-01 7.000000000000000000e+00
1.018700778651173255e+00 1.275071200034828545e+00 4.000000000000000000e+00
-2.167368907915999121e-01 8.788870267289024263e-02 5.000000000000000000e+00
-3.352780342211114650e-02 7.834763081000553075e-01 4.000000000000000000e+00
-4.007587032314082087e+00 2.810079055857918284e+00 5.000000000000000000e+00
2.877770072533319734e+00 4.251401902608815675e-01 5.000000000000000000e+00
1.801717222661016748e-01 -6.832108428559691138e-01 4.000000000000000000e+00
3.385955911538835128e+00 -2.169080601717478629e+00 3.000000000000000000e+00
-1.630681916928491848e+00 1.191177609967943196e+00 5.000000000000000000e+00
1.045110448366748601e+00 1.101003197802101319e+00 3.000000000000000000e+00
3.747069099764598121e+00 -3.633013761018979881e+00 3.000000000000000000e+00
1.271569381616334538e-01 -4.229482657186434125e-01 7.000000000000000000e+00
8.322429874556380724e-01 5.397866994936539875e-01 4.000000000000000000e+00
0.000000000000000000e+00 0.000000000000000000e+00 0.000000000000000000e+00
2.515465892745824217e+00 1.128330469058954177e+00 6.000000000000000000e+00
1.867644876033676127e+00 2.557299533644695533e+00 5.000000000000000000e+00
2.100474649972375651e+00 2.034572259064012734e+00 1.000000000000000000e+01
-1.512554072081012890e+00 -1.096471954204004229e+00 1.100000000000000000e+01
-1.862095035613441640e-01 -8.190205265386580891e-01 1.300000000000000000e+01
-1.140886501733921143e+00 5.522247960339710104e-01 1.100000000000000000e+01
-1.700889988854794810e+00 -1.562535671219323019e+00 1.200000000000000000e+01
1.972584852829621260e+00 4.417670541352964886e-01 9.000000000000000000e+00
-9.955755440929227040e-01 -1.678099295501278121e+00 1.000000000000000000e+01
1.329976637774881593e-02 4.787004759280395066e-02 1.800000000000000000e+01
8.584780021039117859e-01 1.077904533726559283e-01 1.500000000000000000e+01
-3.563166185842497891e-01 7.612087806861445038e-01 8.000000000000000000e+00
1.197428227830167780e+00 -2.032762620897997419e+00 6.000000000000000000e+00
-2.276564999350136453e+00 2.246987248094622025e+00 1.000000000000000000e+01
-3.583507592712524281e-01 3.613612770401741781e-02 1.200000000000000000e+01
-1.492517272553237351e-01 4.173290546241440468e-01 1.400000000000000000e+01
-1.564561959974544725e-01 2.025746701895515312e+00 1.000000000000000000e+01
1.517681746261211995e+00 3.822700525841096209e-01 1.100000000000000000e+01
-1.525879019174116502e+00 -1.327336315954164458e+00 1.500000000000000000e+01
-1.141432925802551512e+00 1.872031184556477434e+00 8.000000000000000000e+00
2.313973269654582943e+00 -2.260250555482273271e-01 1.300000000000000000e+01
-1.713299800055763100e+00 -8.249138851347360690e-01 1.000000000000000000e+01
-1.382985781083659438e+00 2.679162200999490651e+00 1.500000000000000000e+01
-3.137615681843954452e+00 -3.323303994864559741e+00 2.000000000000000000e+00
1.034392480444942253e+00 -1.139489266241041410e+00 1.000000000000000000e+01
-1.062826324499475117e+00 -1.600956538311749666e+00 1.100000000000000000e+01
6.308079388412411725e-02 6.157918819546642775e-01 1.300000000000000000e+01
4.485861910980992739e-01 -2.528536802054102584e+00 5.000000000000000000e+00
-1.008983372229356856e+00 2.344312574811885153e+00 7.000000000000000000e+00
5.638112449016510208e-01 2.287831059682188528e-01 1.500000000000000000e+01
2.584991375247873702e+00 -4.424869149649432454e-01 1.300000000000000000e+01
4.015477034581878962e-03 2.950379601531907703e+00 1.500000000000000000e+01
-3.120070241319129689e+00 4.559519421366577951e-01 4.000000000000000000e+00
6.873833607397393797e-01 -4.663174891520410981e+00 5.000000000000000000e+00
-1.366643726580761387e+00 8.126199946229181181e-01 1.500000000000000000e+01
5.441309265002555184e-01 4.115647143845682976e+00 1.000000000000000000e+01
-4.434741271252826689e-01 1.374701566493074234e-01 1.800000000000000000e+01
1.326800316223376797e+00 9.846704912506615281e-01 1.300000000000000000e+01
1.074361880953595305e+00 -8.400223087606119021e-01 1.600000000000000000e+01
3.806386461795882248e+00 -1.237739612808441692e+00 5.000000000000000000e+00
2.468187083789035174e+00 5.462063482203776132e-01 5.000000000000000000e+00
-1.493127006814342073e+00 3.617866660156430214e-01 8.000000000000000000e+00
9.179469859708611068e-02 -1.704145883479998069e+00 8.000000000000000000e+00
-1.158064608889155078e+00 9.333208794820778698e-01 1.700000000000000000e+01
-5.461551016018851845e-01 -1.065700157102503765e+00 1.200000000000000000e+01
1.011534253247392545e+00 -8.232815399199236439e-02 1.000000000000000000e+01
5.427894214616072466e-01 -3.068225240790153907e-01 1.100000000000000000e+01
2.123322702285080243e+00 -1.409659826819109618e-01 1.200000000000000000e+01
1.986777227270068114e+00 -2.150063047625156543e+00 1.300000000000000000e+01
3.070537216136779435e-01 1.645880414787386892e+00 8.000000000000000000e+00
2.278704419717853327e-02 -2.836679544057252755e+00 1.500000000000000000e+01
1.462439207491603443e-01 -3.151442448578254396e+00 7.000000000000000000e+00
-1.559478436886344355e+00 -2.061000218527702099e+00 1.500000000000000000e+01
1.260753504670254044e+00 -1.030386984273491624e+00 1.600000000000000000e+01
-1.508841818876069718e+00 -1.476354504451585115e+00 7.000000000000000000e+00
-1.309914834411356699e+00 -4.234178418348485406e-01 1.000000000000000000e+01
-5.530624987748538057e-01 4.511610863513597081e-01 1.300000000000000000e+01
7.375215228158582548e-01 1.447528288488089156e-02 1.000000000000000000e+01
-1.155306326511918558e+00 -2.645158780889680233e-02 5.000000000000000000e+00
-1.223165414298916120e+00 -1.468952589110783968e+00 6.000000000000000000e+00
3.586876127964224725e+00 -1.357862407515737502e+00 8.000000000000000000e+00
-3.713284750125203537e+00 -9.595951852225950152e-01 8.000000000000000000e+00
-9.074284568133979267e-02 -1.248784930165433016e+00 6.000000000000000000e+00
1.086750680951333869e-01 -1.084632196528856340e-02 1.200000000000000000e+01
3.913047580780690815e-01 -2.675623222347623731e+00 9.000000000000000000e+00
-1.621933814996301626e+00 -8.505100723163105947e-01 1.800000000000000000e+01
7.934776727524310846e-01 3.564903195833743488e-01 7.000000000000000000e+00
1.420005455509419701e+00 -6.741318021373587932e-01 9.000000000000000000e+00
-3.798409819210140093e-01 2.168172574201346681e+00 6.000000000000000000e+00
-9.330488935455790722e-01 1.623641210518023792e+00 3.000000000000000000e+00
2.426880302881280649e+00 1.328048615237380492e-01 1.200000000000000000e+01
1.759368782704806344e+00 -2.643824491550413325e-01 1.200000000000000000e+01
-1.088571295609405576e+00 -2.306506584294211459e-01 1.200000000000000000e+01
2.165927125527672414e-01 2.368416578569503272e+00 1.300000000000000000e+01
-2.108687517755104768e+00 1.448329035649924545e+00 4.000000000000000000e+00
9.677010771104157527e-01 1.212109710260129258e+00 1.000000000000000000e+01
1.955956330563280554e+00 1.050681273044095088e+00 6.000000000000000000e+00
-5.557793259716854450e-01 9.459245222758067007e-02 8.000000000000000000e+00
4.645258053458674041e-01 6.621698923260174174e-01 9.000000000000000000e+00
4.705770613004020553e-01 -8.364323951563338300e-01 9.000000000000000000e+00
3.180850316382188847e+00 3.710260939575776296e-01 6.000000000000000000e+00
-7.125238869694163757e-01 -1.257219074647408785e+00 5.000000000000000000e+00
1.891863297928577214e+00 1.089321112568762517e+00 1.000000000000000000e+01
-1.136098069108673503e+00 4.579595547289372348e-03 1.000000000000000000e+01
-8.828961826553434200e-01 -3.588593567622329061e-01 1.500000000000000000e+01
-3.359155014257819150e-01 8.113478169835077747e-01 1.000000000000000000e+01
7.691004476126481193e-02 1.223541877242551701e+00 1.000000000000000000e+01
-1.481323146838033677e+00 -1.535066680604267875e+00 1.200000000000000000e+01
-5.682982373260214715e-01 9.991949505970363354e-01 8.000000000000000000e+00
-6.410356273435349195e-01 -6.396788928495490412e-01 6.000000000000000000e+00
1.445835507713751467e+00 1.057713739470259817e+00 1.100000000000000000e+01
1.250754635252458780e+00 1.118978169037810000e+00 1.300000000000000000e+01
-1.270462982290875065e+00 -6.734380749202754091e-01 1.400000000000000000e+01
-1.516513571728538068e+00 -1.325900751138643141e+00 1.100000000000000000e+01
-3.548232654908882178e-01 1.047129540152385241e+00 1.000000000000000000e+01
1.337580521235529840e+00 -1.454169843580549681e+00 8.000000000000000000e+00
-6.392504191612018438e-01 -2.706011397121426576e+00 1.300000000000000000e+01
5.374326521832337722e-01 6.598514107127458894e-01 1.400000000000000000e+01
-3.064081072151550456e-01 -6.264581314430648362e-01 1.000000000000000000e+01
1.331415723492172631e+00 2.708501918896855654e-01 1.000000000000000000e+01
-4.449880387678978311e-01 -9.445864978513508481e-01 1.000000000000000000e+01
4.810199617847770170e-01 -2.193082516246768476e-01 6.000000000000000000e+00
2.109426863475204250e+00 2.065832941294587055e+00 8.000000000000000000e+00
-2.386815191842853956e+00 2.239875708522451880e+00 5.000000000000000000e+00
4.708443207050178603e-01 6.813154081113360627e-01 1.000000000000000000e+01
-6.722594166617593681e-01 -6.496048477002146493e-01 9.000000000000000000e+00
5.401319591364015515e-01 1.202711682955988959e+00 1.200000000000000000e+01
3.787295779345614122e+00 -2.929587474046584372e-01 4.000000000000000000e+00
1.481725017704304259e-01 -5.219104427699921001e-01 7.000000000000000000e+00
1.862673780543932622e+00 7.265008553409489922e-01 1.100000000000000000e+01
1.206335775751367634e-01 3.390765576145106097e-01 9.000000000000000000e+00
3.122763967266266594e+00 3.598658662509425454e+00 6.000000000000000000e+00
-8.034609498706970498e-01 -3.108752218865912464e+00 7.000000000000000000e+00
-4.594664616723170836e-01 5.172876494411731141e-01 1.300000000000000000e+01
-6.823666924866413908e-01 1.208697874031324088e-01 1.000000000000000000e+01
-1.808359845936927390e-01 -8.244586268105841276e-01 1.000000000000000000e+01
-7.824103138897101628e-01 3.109336350472364230e-01 1.100000000000000000e+01
2.354378852393703703e+00 1.240495079610065554e+00 9.000000000000000000e+00
3.942668544859823099e-01 2.530280887558879144e+00 2.100000000000000000e+01
-9.050505085471022282e-01 -6.543038710249452494e-01 6.000000000000000000e+00
2.533324833245750973e+00 -1.327994006708822727e+00 8.000000000000000000e+00
-1.629701380877114358e+00 -2.431183953855549529e+00 5.000000000000000000e+00
1.061292860291424223e+00 -1.122211976706743108e+00 4.000000000000000000e+00
1.893829365401903386e+00 -1.271954061493542287e+00 5.000000000000000000e+00
-1.569702726075123955e+00 -7.907178535321008894e-01 1.100000000000000000e+01
-2.321200415773397308e-01 7.700997315533815168e-01 1.000000000000000000e+01
3.397322752875878149e-01 2.540074751889297655e+00 1.200000000000000000e+01
1.958158088119144269e+00 -1.122118773627799548e+00 1.200000000000000000e+01
2.220795100348743389e+00 -1.708990276553795873e+00 9.000000000000000000e+00
1.402136969734738337e+00 3.642895013603881349e+00 6.000000000000000000e+00
8.477065244231073438e-01 7.561194795526260393e-01 1.200000000000000000e+01
2.643955160965017481e-01 -2.457000838191727987e-01 1.400000000000000000e+01
3.966450547847728131e-02 -1.856544320180907759e+00 7.000000000000000000e+00
-4.764701761361128107e-01 -3.938950042031243992e-01 8.000000000000000000e+00
-4.839125096647459046e+00 2.920009129297908235e+00 4.000000000000000000e+00
1.285657851559357079e+00 6.723450464584742603e-01 1.300000000000000000e+01
2.777800958965105593e+00 -1.538415468529365615e+00 4.000000000000000000e+00
-2.973625686215350394e-01 2.327610538811259122e+00 1.300000000000000000e+01
1.592528606245812162e+00 -2.658234164743560779e+00 1.100000000000000000e+01
8.613775381341838289e-01 2.966820111011579941e-01 1.500000000000000000e+01
-6.327739864962822480e-03 -5.394151125948781100e+00 7.000000000000000000e+00
3.812602753550319856e-01 -4.610370719637401082e-01 1.400000000000000000e+01
-2.374200226141558012e+00 1.102665842449578326e+00 1.200000000000000000e+01
-1.673038619751820777e+00 -6.020067213922277283e+00 5.000000000000000000e+00
-1.012438614857883667e+00 -3.213766742754373684e+00 9.000000000000000000e+00
1.343647796807814765e-01 3.871703782738756816e-01 9.000000000000000000e+00
2.398412268998764141e+00 2.063786258928496320e+00 8.000000000000000000e+00
4.854807729505893343e-01 -2.020559184144288700e+00 1.100000000000000000e+01
-9.616555500011320090e-02 -4.570930183754066956e-02 1.300000000000000000e+01
-4.734158609919466437e-02 2.169568704705980622e+00 1.200000000000000000e+01
-2.965321918357290087e+00 -4.876364368265799776e-01 6.000000000000000000e+00
2.036017761218716693e+00 5.012767048366886247e-01 8.000000000000000000e+00
8.668751095346618474e-01 2.964914492785468259e+00 8.000000000000000000e+00
1.297798998725075981e-01 5.436520796609696227e-01 9.000000000000000000e+00
-2.601243044634232504e+00 -4.459461959781150675e+00 4.000000000000000000e+00
2.610183965150786878e-01 -5.939841466569200090e-01 1.000000000000000000e+01
1.560689758322860499e+00 9.429665168717183965e-01 6.000000000000000000e+00
-4.103659350676567286e-01 5.156978384672766813e-01 1.200000000000000000e+01
2.007551349830414278e+00 5.186637530315898470e-01 1.000000000000000000e+01
2.922133768615821636e-01 -6.086401565847485706e-01 8.000000000000000000e+00
2.408947980730369309e+00 -4.863875491451930544e-01 8.000000000000000000e+00
-7.162162107236029751e-01 -2.530243043290645311e+00 1.000000000000000000e+01
-2.435384535038844334e+00 3.396108281396619688e+00 2.000000000000000000e+00
-1.109128100692138963e+00 2.535200791957675559e+00 5.000000000000000000e+00
1.234586953342141413e+00 3.384326150777638986e-01 5.000000000000000000e+00
-1.872428445469670744e-01 7.779398701452325815e-01 1.200000000000000000e+01
1.851886108142601461e+00 2.228791221816452506e+00 8.000000000000000000e+00
-7.976399510212718313e-01 9.910724824083924078e-01 1.100000000000000000e+01
1.103571659495280244e+00 -9.746943972826317415e-01 9.000000000000000000e+00
3.057410885715249105e+00 -1.378461024996680440e+00 1.100000000000000000e+01
9.756124149171387927e-01 1.885517819396870465e+00 1.000000000000000000e+01
-8.143163303046280221e-01 -4.530634522857928670e-01 1.100000000000000000e+01
1.144772372513495506e+00 3.406440475968340875e-01 9.000000000000000000e+00
9.220483532701861940e-02 -2.322923045282608623e+00 8.000000000000000000e+00
-1.141092098136599509e+00 -2.132879909838046650e+00 9.000000000000000000e+00
-3.280004628981124881e+00 2.914585531162506848e-01 9.000000000000000000e+00
1.827730448847782879e-02 8.936187154613581818e-01 1.300000000000000000e+01
1.631830632795621350e+00 3.121097352544314751e-01 1.200000000000000000e+01
-4.374368061230258231e-01 8.387054447957030812e-01 1.100000000000000000e+01
1.822861447964559511e+00 -1.182076715068760553e+00 1.300000000000000000e+01
5.603787898785606014e-01 2.317543283485473005e+00 7.000000000000000000e+00
1.780776626202623891e+00 1.542760139870668734e+00 1.600000000000000000e+01
-1.114027183043033276e+00 -7.760596832284100133e-01 7.000000000000000000e+00
9.609070467536354743e-01 6.906225759994749636e-02 1.100000000000000000e+01
5.127161666960936559e-01 7.634179833085652511e-01 1.200000000000000000e+01
-5.199746366037037992e-01 2.272583328595640939e+00 1.300000000000000000e+01
2.232463894153643991e-01 -1.522479022630770507e+00 1.600000000000000000e+01
1.052758524056753409e+00 -4.984637407950511800e-01 9.000000000000000000e+00
7.609762031255589143e-01 4.764631084207406886e-01 1.300000000000000000e+01
1.659817560109953405e+00 -1.432160538158087748e+00 1.000000000000000000e+01
-2.774340707327755950e-01 -1.087504271484140528e+00 1.300000000000000000e+01
1.390850744842267339e+00 -2.259755090964833624e+00 5.000000000000000000e+00
2.633508924675872276e+00 -2.320517412277189440e+00 9.000000000000000000e+00
1.985135666516048447e+00 1.223217408312312182e+00 1.200000000000000000e+01
3.045603600217230866e+00 -5.667968944139951670e-01 1.500000000000000000e+01
1.655564356628357325e+00 -8.269719062637072016e-01 7.000000000000000000e+00
3.331600285661570293e+00 -2.139139623792841505e+00 4.000000000000000000e+00
-1.644844477786522541e+00 3.246663823153547179e-01 9.000000000000000000e+00
1.027490522092049829e+00 2.303144375004922750e+00 1.000000000000000000e+01
-4.455902603300314069e-01 5.848794046308978256e-01 1.200000000000000000e+01
-4.057256087845326209e-01 -5.925293004454710438e-02 1.000000000000000000e+01
9.409570236846467317e-01 -2.795628085720081035e-01 9.000000000000000000e+00
-6.614145223604687152e-01 5.670055535796880708e-02 8.000000000000000000e+00
-1.587762075029809816e+00 -8.271880503491004788e-01 7.000000000000000000e+00
2.637637834256822966e+00 -3.012121012083037730e+00 3.000000000000000000e+00
-1.981188924135482088e+00 -1.892590498434024049e+00 9.000000000000000000e+00
9.726219596430223380e-01 -1.355113533584534569e+00 1.100000000000000000e+01
-3.079098256617805729e-02 -2.021713179755278311e+00 1.500000000000000000e+01
1.213591353992290012e+00 2.314933018889313299e-01 1.300000000000000000e+01
-1.205705182264887654e+00 -2.143197546270465548e-01 1.600000000000000000e+01
6.213501015466533772e-01 2.368544610761202929e+00 5.000000000000000000e+00
-8.019168846743048029e-02 -1.452609913138277253e+00 1.000000000000000000e+01
-8.578351233571228640e-01 -1.155297292327210013e+00 3.000000000000000000e+00
-2.931060195631312926e+00 2.600402747142777304e+00 1.200000000000000000e+01
7.041344461169081193e-01 9.969428614906704622e-01 9.000000000000000000e+00
-2.086147061742554265e-01 6.791136123182922590e-01 7.000000000000000000e+00
2.214431984240749163e+00 -5.544744502511534945e-01 7.000000000000000000e+00
3.471333033772134868e-01 1.417142172205333006e+00 9.000000000000000000e+00
-7.709666478178679727e-02 -1.257071303203596058e+00 1.400000000000000000e+01
1.588422425316932785e+00 -3.387176199312189606e-01 9.000000000000000000e+00
-7.331682868858433455e-01 7.940157123378855930e-01 1.500000000000000000e+01
1.014734255961139642e+00 -1.050233999925209050e+00 1.000000000000000000e+01
2.344129079352605949e-01 3.956743330427546113e+00 1.200000000000000000e+01
1.750722102435803729e+00 5.434825569760568520e-01 1.300000000000000000e+01
1.082066154577753903e+00 -1.946802931680684967e+00 1.400000000000000000e+01
1.760880810469778845e+00 3.173922211228286550e+00 7.000000000000000000e+00
6.310004758619230936e-01 -1.739395129958496655e+00 1.700000000000000000e+01
1.122048057278665745e+00 1.084436549794199678e+00 9.000000000000000000e+00
-3.148889717300594526e+00 2.076762784274286400e-01 8.000000000000000000e+00
-1.818449208142869145e+00 -1.292002447465645076e+00 6.000000000000000000e+00
1.317957754413815685e+00 1.240308650012864167e+00 1.200000000000000000e+01
-7.515146241980732444e-01 1.437245406128815128e+00 7.000000000000000000e+00
2.186294805444279454e+00 -8.428812138102452778e-01 1.200000000000000000e+01
8.503570295971978332e-01 -1.746452280484056985e+00 8.000000000000000000e+00
2.072976872462468645e+00 -3.420709846761207373e-01 1.100000000000000000e+01
2.091355113917063024e-01 1.941164705572605120e+00 9.000000000000000000e+00
2.318965573875462205e+00 -7.244968313852370168e-01 1.100000000000000000e+01
1.166660009505582130e+00 1.109074785007933550e-01 1.600000000000000000e+01
-9.464171019199335566e-01 1.720696417884467033e+00 6.000000000000000000e+00
-1.325627551293788953e+00 -6.424922094705485254e-01 9.000000000000000000e+00
4.748509842600489583e-01 -7.782597769813565103e-01 1.400000000000000000e+01
2.528836073707342869e-01 -9.285437839507838520e-01 1.100000000000000000e+01
1.095030079215359553e+00 -9.526686900728785767e-01 1.000000000000000000e+01
1.580494305750465900e+00 6.827315697614863010e-01 1.200000000000000000e+01
1.954045204467607100e-01 1.826535139788893147e+00 3.000000000000000000e+00
2.312994542622318905e-01 -2.870569666691240585e+00 6.000000000000000000e+00
-6.787543673228029206e-01 8.692722021129460908e-01 9.000000000000000000e+00
1.098307035072100701e+00 -3.277830325374843312e+00 1.000000000000000000e+01
1.934852516399826028e+00 -3.606575378502710372e+00 5.000000000000000000e+00
1.836358420208065168e-01 5.092966548868986532e-02 1.300000000000000000e+01
2.239303455916157592e-01 5.250806769290160547e-01 1.400000000000000000e+01
9.904330375325406388e-01 9.959350896071237358e-01 6.000000000000000000e+00
2.587408723290756551e+00 -2.624316731299978778e-01 1.200000000000000000e+01
2.144220541076303110e+00 -1.878198969343008562e+00 9.000000000000000000e+00
4.679440912324960289e-01 2.001473072378504359e+00 1.000000000000000000e+01
1.311132928313427648e+00 -3.633000660038444019e-01 8.000000000000000000e+00
-1.674364944317417336e+00 -1.398009080084216427e+00 9.000000000000000000e+00
5.218407477127244842e-01 1.881057759819600106e+00 1.400000000000000000e+01
-2.717979590259020917e+00 2.091218535344006035e+00 8.000000000000000000e+00
1.348190515265167422e+00 -1.526857153048635674e+00 1.000000000000000000e+01
-1.380813418944496274e+00 1.129162350428689399e+00 1.100000000000000000e+01
1.265367221455107050e+00 1.262004446546169945e+00 9.000000000000000000e+00
-1.602475014558542021e-01 -1.341212442841101860e+00 6.000000000000000000e+00
-3.591977359305300044e-01 -3.375973531407087669e-01 1.900000000000000000e+01
1.454491576941537412e+00 -2.925787458917500139e+00 1.000000000000000000e+01
1.423192223385691957e+00 4.339447328346300203e+00 7.000000000000000000e+00
5.909392185432466027e-01 -1.099059791768989047e+00 1.000000000000000000e+01
2.011688010807926918e+00 7.813994668596958570e-01 1.200000000000000000e+01
-9.755740622106543469e-01 5.746090893552083800e-01 1.100000000000000000e+01
-2.514994050898085476e+00 1.716060453575829481e+00 8.000000000000000000e+00
1.135900284152480344e+00 1.400781413445338464e+00 1.500000000000000000e+01
4.625076930274228670e-02 -4.047557251511769705e-01 1.300000000000000000e+01
1.069652940401668140e+00 1.631494671304204447e+00 1.400000000000000000e+01
5.330008217511289503e-01 -1.708973531415270974e-01 1.100000000000000000e+01
-4.510503358988369182e-01 4.988824819456821658e+00 4.000000000000000000e+00
9.745326961808218336e-01 2.429936113270638298e+00 1.500000000000000000e+01
1.410742877810612916e-01 1.476331769600006005e+00 9.000000000000000000e+00
2.286413361166717451e+00 -1.153107387073202039e+00 1.600000000000000000e+01
1.278284590254484376e+00 -1.516307342793056900e+00 1.100000000000000000e+01
6.672766850063236443e-01 1.330175444477165847e+00 1.300000000000000000e+01
7.125611056655274667e-02 3.763542002539792986e+00 1.100000000000000000e+01
2.625768872227089545e+00 -4.063193516467206168e-01 8.000000000000000000e+00
8.465749514210115789e-01 1.986616447805085395e+00 1.100000000000000000e+01
-6.929115583555258695e-01 -2.109365821114706385e+00 8.000000000000000000e+00
-1.385818858751147298e+00 2.571857783097052375e-01 1.500000000000000000e+01
-1.240592331316482388e+00 -6.498416846091266130e-01 6.000000000000000000e+00
2.676428855006784957e-02 2.202633188773421846e+00 6.000000000000000000e+00
-2.166624656550548700e+00 3.860526105371129280e+00 1.100000000000000000e+01
-7.301732946340535602e-01 9.334574515653432103e-01 1.100000000000000000e+01
-4.198830184006274169e-01 -1.201922591059009893e+00 8.000000000000000000e+00
3.310422034834175631e-01 5.483999632097094068e-01 1.200000000000000000e+01
7.531867927377046135e-01 -3.241099637668331201e+00 1.100000000000000000e+01
-1.112211814128029941e+00 -6.915602079451159678e-01 1.000000000000000000e+01
7.430915382112287526e-01 -1.023122324762167246e+00 8.000000000000000000e+00
1.107465695165943176e+00 1.202458709131306813e+00 1.400000000000000000e+01
-9.212634668021875139e-01 -1.698220302655924385e+00 1.000000000000000000e+01
-3.132830742446453431e+00 -3.960405392623798093e-01 9.000000000000000000e+00
5.241205074155328880e+00 -4.373178035474278857e-02 6.000000000000000000e+00
-1.247230838073215275e-01 -2.714954197108105038e+00 1.100000000000000000e+01
2.420144831135913499e+00 -3.373505874747251720e+00 4.000000000000000000e+00
-2.417781462354644084e+00 1.299224637841452257e+00 9.000000000000000000e+00
1.193716697195540410e+00 -2.199387469870260681e+00 1.300000000000000000e+01
4.918972697247669390e-01 9.097421868661005329e-01 1.000000000000000000e+01
1.591167839433464071e+00 -9.171691937128664263e-01 7.000000000000000000e+00
-1.239234109070291856e+00 4.270968054769878619e-01 1.100000000000000000e+01
-2.879213466426708279e-01 -2.003564303665150259e+00 1.100000000000000000e+01
2.479147200916619997e+00 -7.892490859900360700e-01 7.000000000000000000e+00
7.713897724709936066e-01 7.417148410350783427e-01 7.000000000000000000e+00
-1.917459440347103028e+00 1.200067168198206691e+00 7.000000000000000000e+00
4.989372605906753577e+00 7.449244474189337106e-01 5.000000000000000000e+00
-1.665593214992091786e+00 8.831274482558976180e-01 1.300000000000000000e+01
-2.855972219421520464e+00 1.291882890598150535e-01 1.400000000000000000e+01
4.873017568134249689e-01 -6.368362318139050293e-01 7.000000000000000000e+00
8.767021478775125498e-01 -7.380598164590240762e-01 1.000000000000000000e+01
2.016586884406198710e+00 1.616937671421987854e+00 1.100000000000000000e+01
4.495161181959758112e-01 8.586407768039308053e-01 1.500000000000000000e+01
1.497255435441594118e+00 -9.611830426949517781e-02 1.400000000000000000e+01
-7.549200770513294634e-01 8.508645515528208136e-01 1.000000000000000000e+01
1.400110532361225513e+00 9.764577234132222339e-01 5.000000000000000000e+00
-8.737973721704359598e-01 6.431279026605887239e-01 9.000000000000000000e+00
1.065917537915304525e+00 -4.124309640186401005e-01 1.000000000000000000e+01
-8.190424585308304639e-01 -2.652020021981636777e+00 7.000000000000000000e+00
-1.893312642615899155e-01 -7.322966471790584020e-01 8.000000000000000000e+00
1.347392991112917215e+00 -6.756917825715472725e-01 1.400000000000000000e+01
-4.130755461728112810e-01 7.105751816895449213e-01 1.500000000000000000e+01
-2.327339691202254812e-01 2.847360439068817417e+00 8.000000000000000000e+00
2.729541496143717438e+00 2.393390762578742947e+00 4.000000000000000000e+00
3.443722373931405567e+00 1.450465436440590450e+00 5.000000000000000000e+00
1.563940387209682426e+00 3.293347570044752315e-01 1.000000000000000000e+01
3.546155878811174667e+00 4.365867578860274656e-02 1.300000000000000000e+01
2.318135214157581281e+00 -8.269455481035791200e-01 9.000000000000000000e+00
2.040020990260630107e+00 -6.614999510896624191e-01 1.300000000000000000e+01
-1.258181839646471012e+00 1.107635256297474724e+00 9.000000000000000000e+00
4.918783005799302610e-01 -6.584569863856478689e-01 1.200000000000000000e+01
5.373165318527996170e+00 7.459937934246489988e-01 8.000000000000000000e+00
1.922484336949218608e+00 1.400350735781519473e+00 1.100000000000000000e+01
1.182191767200434063e+00 -2.633488745898515671e-01 8.000000000000000000e+00
1.672326992931514322e+00 -1.224645748179425953e+00 1.500000000000000000e+01
1.357080198218862277e+00 8.121185719880607001e-01 8.000000000000000000e+00
2.398088495281317234e-01 1.638205783429469209e+00 1.200000000000000000e+01
1.290954255683764096e+00 2.421167864537408398e+00 1.500000000000000000e+01
1.988303237673853641e+00 3.155655703223669839e+00 5.000000000000000000e+00
2.361557105993664085e-01 5.157628651952772536e-02 1.600000000000000000e+01
9.408899956890314220e-01 -2.404630248811067683e-01 1.000000000000000000e+01
1.501213231514342272e-01 1.085267055778889711e+00 8.000000000000000000e+00
-3.329953455202532830e-01 -2.358434348518080981e+00 1.100000000000000000e+01
1.250778399617325398e+00 -2.732901966486844803e+00 6.000000000000000000e+00
6.061189490419489623e-01 1.342574034649171022e+00 1.300000000000000000e+01
1.958541525091112234e+00 -5.706973602449146032e-02 5.000000000000000000e+00
-1.485237590505263272e+00 2.919282115861691063e-01 1.100000000000000000e+01
1.155838806300051758e+00 -4.493245380819033130e-01 8.000000000000000000e+00
8.181191829232430379e-01 1.642625725848327889e-01 9.000000000000000000e+00
1.705008472310574064e-01 1.260457133763484894e+00 7.000000000000000000e+00
6.035033997709667863e-01 -5.439097589083738971e-01 1.000000000000000000e+01
-1.097797210206093999e+00 8.096500189476140141e-01 1.200000000000000000e+01
2.109563781823073914e+00 4.047356782071524495e-01 1.100000000000000000e+01
2.981601601194220130e+00 -6.826180792131523178e-01 1.000000000000000000e+01
7.256142873628440570e-01 6.978205885014150400e-01 9.000000000000000000e+00
2.302200615682474361e+00 -6.429126951658289402e-01 1.400000000000000000e+01
-1.808660038377727597e+00 3.156483077181667096e-01 1.100000000000000000e+01
3.410525832482681763e-02 -1.759517899106331607e+00 7.000000000000000000e+00
7.665704115953105857e-01 -8.500504643180839537e-01 1.100000000000000000e+01
-1.280667040499904319e+00 2.768018218559367138e+00 7.000000000000000000e+00
3.126347758173612240e-02 3.370111775924904962e-01 1.200000000000000000e+01
9.667742121058063853e-01 -3.307707290942944578e+00 8.000000000000000000e+00
-2.115238984574148162e+00 -1.326833443997527118e-01 1.600000000000000000e+01
-4.381778761617781126e-01 2.701494344161536443e+00 7.000000000000000000e+00
1.711757392547555767e+00 -1.336108599534151731e+00 6.000000000000000000e+00
3.098302362258432030e+00 -1.786285041155679876e+00 3.000000000000000000e+00
-1.462179629253960833e+00 -7.571417344099297120e-01 1.200000000000000000e+01
-3.671448234454152137e-01 9.847860769414186199e-01 1.000000000000000000e+01
1.158130127882206262e+00 -1.623438652723690589e+00 6.000000000000000000e+00
1.461715475147306487e+00 -7.344164731427059445e-02 9.000000000000000000e+00
-3.831087140400413031e-03 -1.682840534198660976e+00 1.000000000000000000e+01
-1.569382580169355057e-01 2.276271538767684344e-01 1.100000000000000000e+01
-1.238086952085361153e-01 1.796111122964004547e+00 1.100000000000000000e+01
-1.815715915171257633e+00 1.166062537379837505e-01 7.000000000000000000e+00
5.299964650402655408e-01 -2.387252879067277567e-01 1.200000000000000000e+01
-2.191550717317401809e+00 -3.307451047640372344e-01 7.000000000000000000e+00
2.356693138389524211e+00 1.216041690243608198e+00 1.300000000000000000e+01
-6.375352229877075949e-01 -7.722465147518188244e-01 8.000000000000000000e+00
2.432697694982716374e+00 1.196656615234234389e+00 1.200000000000000000e+01
-5.292063535719231382e-01 -1.795995213695851023e+00 9.000000000000000000e+00
2.783951137998202374e-01 7.978115930632480035e-01 1.200000000000000000e+01
1.581564124745713507e+00 -6.372121216237534025e-01 5.000000000000000000e+00
1.160685704490350023e+00 9.359076004086390732e-01 8.000000000000000000e+00
8.702266449588247355e-01 -4.880260853180253267e-01 1.200000000000000000e+01
5.217876563977719151e-01 1.516775179683928831e+00 7.000000000000000000e+00
7.251405467194205201e-01 2.653198161893274065e+00 1.000000000000000000e+01
1.189886557516304899e+00 -9.675449588352434960e-01 3.000000000000000000e+00
-1.267762760000688216e+00 2.570008916264665100e+00 1.100000000000000000e+01
1.541482742264691952e+00 -3.158514165638803828e+00 6.000000000000000000e+00
3.017287744567234586e+00 3.283426398292342618e+00 8.000000000000000000e+00
2.940196506489072825e-01 1.486737336560144840e+00 1.900000000000000000e+01
7.026091106494535277e-01 5.908640070117068266e-01 1.300000000000000000e+01
-9.350370625597089758e-01 1.643873734185306690e+00 6.000000000000000000e+00
-1.253180668770146111e+00 2.943374964052706266e-01 1.000000000000000000e+01
9.443777666038025501e-03 -9.563748822425622853e-01 1.200000000000000000e+01
5.189144933575695617e-01 1.892619020798564256e+00 1.200000000000000000e+01
1.459471788561742089e+00 -3.219401402240897436e+00 8.000000000000000000e+00
-1.988818197647224340e+00 -2.438863339591007318e+00 6.000000000000000000e+00
-8.940756805066844004e-01 -3.053285847638837147e+00 1.100000000000000000e+01
-3.162838923822950954e-01 -1.881939345981287204e+00 9.000000000000000000e+00
-1.670997237448085704e+00 1.145652975051599243e-01 1.100000000000000000e+01
1.865650476289915538e+00 8.377196168437949231e-01 9.000000000000000000e+00
-1.269166495260785954e+00 1.252959495751975849e+00 7.000000000000000000e+00
2.739761526090185306e+00 3.728031929211473305e-01 1.100000000000000000e+01
-5.699569089007732181e-01 2.832282305267300182e-01 9.000000000000000000e+00
3.874142465630142418e+00 -1.829303377716417600e+00 7.000000000000000000e+00
1.402908390437956010e+00 1.504761331651838008e+00 6.000000000000000000e+00
3.107943092270343821e-01 4.594013093206569809e-02 9.000000000000000000e+00
2.082587707182497638e+00 9.361840933891910632e-01 9.000000000000000000e+00
1.614270040318787292e+00 -2.264985604019480903e+00 7.000000000000000000e+00
-1.987222174318915568e+00 2.969522628538375231e-01 8.000000000000000000e+00
3.083272298007022183e+00 1.250012663929902290e+00 9.000000000000000000e+00
-9.932271332819635479e-01 6.892378480682388453e-01 1.000000000000000000e+01
-2.115176384022857015e+00 2.889866843086467130e-01 1.000000000000000000e+01
1.200030371135527352e+00 -1.873845412433499336e+00 1.400000000000000000e+01
1.364692115156327157e+00 -4.438028586526245878e-01 1.300000000000000000e+01
1.809626447364156565e+00 -2.109005718787898331e+00 8.000000000000000000e+00
1.419804218273784002e+00 -7.031580662465977127e-01 1.400000000000000000e+01
4.546000907772301147e+00 6.201578795130428118e-02 1.200000000000000000e+01
-7.254247767121961843e-01 2.209620926329884050e+00 5.000000000000000000e+00
9.412845286782178800e-01 9.987796660787335856e-01 1.500000000000000000e+01
-5.956518797701949586e-01 -2.920870337696017671e-01 5.000000000000000000e+00
1.807123112253183450e+00 -5.659296883588058602e-01 5.000000000000000000e+00
3.454334552220137411e+00 -1.299799582402849651e-01 1.500000000000000000e+01
1.972982097799603318e+00 -2.567269053752638808e+00 9.000000000000000000e+00
-1.978489632948808419e+00 2.745150671734839953e+00 1.000000000000000000e+01
3.335569484604139934e+00 9.747814944123359693e-01 6.000000000000000000e+00
3.015583648024064534e+00 1.400664051029924195e+00 7.000000000000000000e+00
-8.889672845697962345e-01 2.605707734710380752e+00 1.000000000000000000e+01
6.741038016383472664e-01 -2.566898144939712356e+00 7.000000000000000000e+00
-1.461767193534331488e+00 1.105884865498092173e+00 1.300000000000000000e+01
-3.111714496321515422e-01 -7.387027757764256242e-01 9.000000000000000000e+00
9.864435578136050431e-01 9.533560197335483322e-01 9.000000000000000000e+00
1.785303654385186345e+00 5.332919379733458420e-01 1.300000000000000000e+01
1.574251127375130510e+00 2.361131372536988127e-01 1.000000000000000000e+01
1.269258945607569355e+00 -8.366867736136530675e-01 1.000000000000000000e+01
1.642105208571575048e+00 -1.152611454453078998e+00 9.000000000000000000e+00
-8.066922747618973100e-01 -7.374878167464522516e-01 5.000000000000000000e+00
1.217770213703695203e+00 -2.801833499425511409e+00 7.000000000000000000e+00
-9.694030040690394534e-01 -5.980655542902508781e-01 5.000000000000000000e+00
7.042678040748730217e-02 -1.199879962546468226e+00 1.100000000000000000e+01
-4.785573766088500491e+00 -1.264390970760486566e+00 5.000000000000000000e+00
-3.523856707113948161e-02 -1.059046564398693713e+00 1.000000000000000000e+01
1.779396793574467228e+00 -1.347355973567277099e+00 1.300000000000000000e+01
-1.880957762606994432e+00 -6.802928366687817086e-01 1.000000000000000000e+01
-1.919361627114959390e-01 -8.483506573576179988e-02 1.500000000000000000e+01
2.995294881624455674e-01 4.647877213295210086e-01 3.000000000000000000e+00
1.230059813303384431e+00 -8.121725862677301455e-01 6.000000000000000000e+00
1.312794475498492375e+00 -2.340657615650375278e-02 1.600000000000000000e+01
2.965876269256859210e+00 -8.503846136065463801e-01 1.400000000000000000e+01
-1.641697449542158349e+00 1.433554555273997222e+00 1.000000000000000000e+01
4.917925668005363460e-01 5.394641798351801354e-01 1.100000000000000000e+01
-1.000599399239419374e-01 -8.544697583632465676e-01 8.000000000000000000e+00
1.682080926481892558e+00 4.211371746384257042e-01 1.300000000000000000e+01
6.661574234314907583e-01 -5.221172817091169760e-01 1.500000000000000000e+01
5.608876052527621558e-01 -5.877732477383671439e-01 1.700000000000000000e+01
3.054749315427937262e+00 3.286515139585394207e-02 1.600000000000000000e+01
-5.820937705647359905e-01 9.280924778044201684e-01 1.100000000000000000e+01
4.457173463130992275e-01 -1.769748893996416106e+00 4.000000000000000000e+00
-1.132085956118725978e+00 1.721679811939391957e-01 7.000000000000000000e+00
-2.125409075798483816e+00 -8.858975622914322390e-01 1.600000000000000000e+01
1.072305155060280457e+00 2.594425805817004882e+00 5.000000000000000000e+00
-1.020787146668751699e+00 3.247766774106921051e-01 1.100000000000000000e+01
1.310766167716274966e+00 -2.614055718424439956e+00 6.000000000000000000e+00
2.866126291633826817e+00 2.575161039851182831e+00 7.000000000000000000e+00
2.323989414674131559e+00 5.625000187644657590e-01 1.000000000000000000e+01
-5.734128180489079796e-01 -7.322215806098949509e-01 1.600000000000000000e+01
7.146796175638735482e-01 1.141319947136081980e+00 1.100000000000000000e+01
1.894804598930406869e-01 1.056652724741072719e-01 1.400000000000000000e+01
1.181879979426500304e-01 -1.520903098407474285e+00 1.100000000000000000e+01
-2.745319047355150310e+00 1.568049362450244233e-01 1.100000000000000000e+01
3.047866844242162809e+00 -7.281771256307953966e-01 1.400000000000000000e+01
5.973505020869138704e-01 2.381601590359402332e-01 1.100000000000000000e+01
1.111864561172335009e+00 9.604368527723261550e-01 6.000000000000000000e+00
-1.484551559289388756e+00 -9.618350688176798835e-01 9.000000000000000000e+00
4.904577775696043473e-01 7.277525446432018263e-01 1.100000000000000000e+01
2.183746953958152215e+00 1.207435241628525224e+00 1.200000000000000000e+01
2.047531732814242833e+00 2.583778146569032153e+00 8.000000000000000000e+00
1.400956270960557415e+00 4.028699878160806880e-01 1.000000000000000000e+01
2.926914392641078777e+00 6.597983057564626996e-01 1.100000000000000000e+01
-2.544899346730945311e+00 -1.655547050224196681e+00 6.000000000000000000e+00
1.044012186259517971e+00 -1.498817964906930200e+00 7.000000000000000000e+00
6.674070960639807426e-01 -1.636525934500013157e+00 1.500000000000000000e+01
7.165978298800967927e-01 1.274119352994659948e+00 1.300000000000000000e+01
2.761757981640374116e+00 -3.335241875868977690e+00 6.000000000000000000e+00
2.841999822209581250e+00 -2.342224521034032225e+00 6.000000000000000000e+00
3.544496839318107995e+00 1.712435792326002071e+00 1.000000000000000000e+01
9.085820618667407311e-01 -6.952089731187048871e-01 5.000000000000000000e+00
2.721826556541293574e+00 -4.134173790680821803e+00 6.000000000000000000e+00
2.635198318172325305e+00 2.441192672573528011e+00 7.000000000000000000e+00
1.095709748738157741e+00 7.932848020296684455e-01 1.400000000000000000e+01
-3.492919899941429485e+00 -2.264878030611117143e+00 9.000000000000000000e+00
5.852791586221428588e-01 -1.960322533176839466e+00 8.000000000000000000e+00
1.804066610966838513e-01 -6.680761980186133986e-01 1.500000000000000000e+01
-2.388653491936997497e+00 6.571864753160731043e-01 5.000000000000000000e+00
5.829702583811209315e-01 2.195393643788806914e-01 1.800000000000000000e+01
-5.035246251802624196e-01 1.435908439198908315e+00 1.000000000000000000e+01
-2.284825086705754238e+00 -1.989468530307609617e+00 9.000000000000000000e+00
-1.611774378621340320e+00 8.890611302853788089e-01 1.200000000000000000e+01
3.436617877667786924e-01 3.395825138481733951e-02 1.200000000000000000e+01
-2.245874763580156142e+00 2.860936585046183644e+00 8.000000000000000000e+00
1.941879588496919551e+00 1.780525648894492274e+00 9.000000000000000000e+00
-1.191744710976292199e+00 -9.844589152846897617e-01 7.000000000000000000e+00
1.432231125618080414e+00 -6.028138045065216666e-01 6.000000000000000000e+00
3.023489960670149301e-01 -8.703596763705920836e-01 8.000000000000000000e+00
1.314241583281350545e+00 2.612092422482524601e+00 1.200000000000000000e+01
2.207580387033035496e+00 -6.539053900584048708e-03 1.100000000000000000e+01
-2.797347682028927633e-03 -1.262360199865163235e+00 1.000000000000000000e+01
1.042753486173121802e+00 7.218958802040180700e-01 1.000000000000000000e+01
2.837680079085672102e-01 1.898196168603409006e+00 1.000000000000000000e+01
1.565260822600000878e-01 8.837562304393919987e-01 8.000000000000000000e+00
2.076083159803845835e+00 -7.997530174322520224e-02 1.200000000000000000e+01
9.545200944200941118e-01 -1.204105488979122507e+00 1.000000000000000000e+01
-1.291514673344126063e+00 1.083301280050129600e+00 4.000000000000000000e+00
9.641098762418445212e-01 6.741664907440506616e-01 1.500000000000000000e+01
1.279140025682023341e+00 2.295426361968353035e+00 9.000000000000000000e+00
3.758614975187793972e-01 -9.835954398162662926e-01 9.000000000000000000e+00
-9.165130636299725353e-01 7.742668611048697525e-01 1.000000000000000000e+01
-2.246621329646038667e+00 2.649268389713098637e-01 5.000000000000000000e+00
1.005909230064493398e+00 1.157081847665575758e+00 9.000000000000000000e+00
1.035895582823125993e+00 -1.497350974343889807e-01 9.000000000000000000e+00
-1.076526755223252030e+00 -1.839209708914057995e+00 7.000000000000000000e+00
2.311545208282987929e+00 1.277685507620576866e+00 4.000000000000000000e+00
1.060259648144560168e-01 -1.426915062344308982e+00 1.300000000000000000e+01
-3.551851389015596161e-01 3.968883108782055302e-01 9.000000000000000000e+00
-7.679407161498037482e-01 -2.937686314418919586e+00 4.000000000000000000e+00
1.701814763923818363e+00 -2.604336118347512219e+00 5.000000000000000000e+00
1.643826287223748128e+00 8.508439427032943314e-01 1.100000000000000000e+01
1.478967414105967659e+00 -1.628052444551563616e+00 7.000000000000000000e+00
2.095218501719638304e+00 -9.233747420011642060e-01 1.000000000000000000e+01
3.378511665438489242e+00 -2.270235228418575613e+00 7.000000000000000000e+00
3.064302301063778766e-01 -1.246081454732273913e-01 1.400000000000000000e+01
-2.982488834181153403e-01 1.468646639391063768e+00 9.000000000000000000e+00
-6.449941914307795177e-01 1.312902271246233488e+00 9.000000000000000000e+00
9.693425752088314917e-01 4.204184497662322717e-01 1.200000000000000000e+01
1.030941272909685846e+00 -6.895728518232457915e-01 1.000000000000000000e+01
-2.646350142821503049e-01 -1.616320338113520050e+00 4.000000000000000000e+00
2.972822870831342001e+00 -6.461834228804917979e-01 1.100000000000000000e+01
1.668469990038747630e+00 1.337733784422477368e-01 1.100000000000000000e+01
3.509037073655077332e+00 -1.149721596800455048e+00 1.000000000000000000e+01
1.401997542294698418e+00 1.583488573799545662e+00 7.000000000000000000e+00
7.342912578095749376e-01 -1.139938913370534879e+00 1.200000000000000000e+01
-1.917655154094515924e+00 8.656200520677398424e-02 9.000000000000000000e+00
1.048960611480735522e-01 -2.641903719150119567e+00 1.000000000000000000e+01
-5.336758604008231544e-01 8.188938993776330166e-01 6.000000000000000000e+00
-9.958152210172445118e-01 5.439266031335907581e-01 1.000000000000000000e+01
-1.303923712036311189e+00 -2.184440348466948123e+00 1.000000000000000000e+01
4.018679431166453653e-01 1.996983172183298960e-01 1.500000000000000000e+01
2.020801621639962242e+00 -1.818755908058762305e+00 8.000000000000000000e+00
-1.342989594604289127e+00 2.478898064125809597e-01 8.000000000000000000e+00
2.184089585261359545e+00 -3.385296363491937299e+00 6.000000000000000000e+00
2.871832715090300692e+00 8.044610650387647999e-01 6.000000000000000000e+00
1.639754182929264725e-01 1.798263996850364199e+00 9.000000000000000000e+00
-2.021409298699566648e+00 -1.544346711298830277e+00 8.000000000000000000e+00
1.569849085328187011e+00 8.452963378233539771e-02 1.100000000000000000e+01
3.012162380669022310e-01 -1.285553867561748165e+00 1.500000000000000000e+01
2.830568860617882709e+00 2.002215756541093850e+00 1.500000000000000000e+01
1.077990802800826264e+00 1.190854621413821146e+00 1.100000000000000000e+01
1.478479213343640630e+00 2.144157345202557075e+00 8.000000000000000000e+00
-1.818570584682922819e-02 7.906346798619932059e-01 9.000000000000000000e+00
1.313643295943135669e+00 -8.574775016822315798e-01 1.100000000000000000e+01
-3.053966876277787179e-01 1.142168431652221539e-01 9.000000000000000000e+00
-1.293981405691293496e+00 -1.837024674745787456e-01 9.000000000000000000e+00
-5.547664399288360082e-01 -1.196406742608683710e-01 1.200000000000000000e+01
2.079417319870915382e+00 3.888761985053722503e-01 1.100000000000000000e+01
4.999564802131264418e-01 7.214901015981915744e-02 1.300000000000000000e+01
5.158731116245272030e-01 -1.003163376457128830e+00 8.000000000000000000e+00
2.073624424411184108e+00 -1.981691064354126897e-01 9.000000000000000000e+00
4.450634027916809399e-01 3.842405588908961445e+00 6.000000000000000000e+00
1.143860910432115352e+00 1.021079320547525704e+00 8.000000000000000000e+00
-3.509044306521825529e+00 -4.052290875197413378e+00 3.000000000000000000e+00
1.054484776044056993e+00 -6.777501545154444029e-01 1.100000000000000000e+01
-1.293079972367778163e+00 -5.117805256510591372e-01 9.000000000000000000e+00
-2.035528023446032453e+00 -8.816461847143725050e-01 8.000000000000000000e+00
4.373052569164110892e-01 3.154482207247970016e-01 1.100000000000000000e+01
-3.305184455379453490e-02 -1.199359078247656196e+00 1.300000000000000000e+01
5.894669222362383110e-01 -7.629128314956276080e-01 6.000000000000000000e+00
1.281149067878664560e+00 1.904542059364037421e+00 1.100000000000000000e+01
-4.693251955540281850e-01 -5.023519900058803778e-01 1.600000000000000000e+01
2.096255532059720483e+00 -8.159987481175954294e-01 3.000000000000000000e+00
3.432998106842013453e+00 3.781888089860024671e+00 8.000000000000000000e+00
2.920829000502044859e-01 1.612195901598160175e-01 8.000000000000000000e+00
-8.675890216943883404e-01 7.278458203837978591e-01 1.100000000000000000e+01
1.834157482498197655e+00 8.181329114263105051e-01 1.000000000000000000e+01
2.687026594099976240e+00 1.071867029937364907e-01 8.000000000000000000e+00
2.718466960650541275e-01 5.039834657900497117e-01 9.000000000000000000e+00
1.355603290228372559e+00 -3.512180056775893178e-03 6.000000000000000000e+00
2.749322534257700457e-01 -1.561530060671970366e-01 6.000000000000000000e+00
2.778699671747112188e+00 3.669403421164366130e-01 1.200000000000000000e+01
3.882954889242498098e+00 3.506048164258451227e-01 8.000000000000000000e+00
-8.359821445150709129e-01 -9.760042483141434522e-01 6.000000000000000000e+00
-1.449674576972959761e+00 -1.024832253509193825e+00 7.000000000000000000e+00
9.504894318424194077e-01 4.261819021520459327e-01 8.000000000000000000e+00
1.187389032448181503e+00 -2.194813317215924542e+00 9.000000000000000000e+00
-1.385346409747807872e+00 3.939406572984275323e-01 1.700000000000000000e+01
1.625232428279112185e+00 2.878276791287381009e+00 7.000000000000000000e+00
-1.946224929777359003e-01 2.765713008818427188e+00 1.400000000000000000e+01
1.191518945013455788e+00 1.795651210625976546e+00 7.000000000000000000e+00
-5.621087986367430123e-01 -1.440236951081101502e+00 8.000000000000000000e+00
6.224912279325629516e-01 -9.001015936313200294e-01 1.300000000000000000e+01
7.065473065436248534e-01 -2.254489077936135732e+00 9.000000000000000000e+00
-7.319657545576383484e-01 -7.126522520731155552e-01 1.000000000000000000e+01
-8.642153112289798766e-01 1.007187092964207498e+00 1.000000000000000000e+01
1.212482658958782045e+00 1.267394032148786653e+00 1.400000000000000000e+01
1.897650559216586430e+00 -2.528418345356785668e+00 1.000000000000000000e+01
2.734066390794334556e+00 5.012714038953424156e-01 1.200000000000000000e+01
-4.018873861607352715e-01 1.524210876178691443e+00 4.000000000000000000e+00
7.677510459584379054e-01 1.404989506063372584e+00 1.400000000000000000e+01
-3.907614843315423969e-01 -1.149731973975570254e+00 1.100000000000000000e+01
3.244935087510505273e-02 -6.989467621231574279e-01 5.000000000000000000e+00
5.526733336344923586e+00 -3.322104055579421011e+00 7.000000000000000000e+00
-3.037535700644175218e+00 -3.121348602106440495e+00 4.000000000000000000e+00
2.196507869863779661e-01 2.145191585855773297e+00 8.000000000000000000e+00
6.271203134116900557e-01 1.267606013713289625e+00 7.000000000000000000e+00
1.664833303449764212e+00 1.577065504512122462e+00 1.000000000000000000e+01
-4.283331387223093256e-01 3.027370530284537176e-01 5.000000000000000000e+00
1.402434887415224818e+00 -1.172110095318648737e+00 1.400000000000000000e+01
2.430220333423480206e+00 -1.352283988898328682e+00 1.100000000000000000e+01
-1.193300797107009315e+00 1.706425272455007303e+00 1.400000000000000000e+01
1.694382837397869324e+00 2.024691864527201624e-01 1.000000000000000000e+01
1.773167034207489667e+00 -3.948683897325414582e-01 1.000000000000000000e+01
-2.918296288867222588e-01 -4.468723424472885952e+00 1.000000000000000000e+01
9.234179988011824713e-01 -1.097454345636776241e+00 1.000000000000000000e+01
1.904919748647513567e+00 1.316507041516283616e+00 8.000000000000000000e+00
1.343616047415390202e+00 2.091179757608480738e+00 1.300000000000000000e+01
1.586808568498509375e+00 1.254407808351368336e+00 8.000000000000000000e+00
1.919676593588661717e+00 1.858695122791974574e+00 1.300000000000000000e+01
4.065290349802436753e-01 1.044841372408745306e+00 1.200000000000000000e+01
-1.965806661800428845e+00 -8.018071482202169253e-01 7.000000000000000000e+00
-7.055114212398621021e-01 -3.030252955089348443e+00 1.100000000000000000e+01
-3.117449023914266704e+00 8.997584068720941852e-01 6.000000000000000000e+00
6.441433248698217318e-01 1.806359701486467628e+00 1.000000000000000000e+01
8.868467348839520481e-01 1.841165137528099738e+00 1.400000000000000000e+01
1.102808267656577801e+00 1.743970690137820245e+00 1.000000000000000000e+01
5.193833115180225057e+00 -1.280145875432340263e+00 6.000000000000000000e+00
1.566496641736535800e+00 -2.969394998541555197e-01 1.100000000000000000e+01
6.129024196298586968e-01 6.751669037250351835e-02 1.300000000000000000e+01
9.713686720774409311e-01 -1.107968428733293154e+00 1.100000000000000000e+01
-1.112314545968961399e+00 -1.818458047605135963e+00 7.000000000000000000e+00
-1.935888468553081110e-01 1.207008543835883518e+00 5.000000000000000000e+00
2.516820745479642518e+00 -2.166108780249055066e+00 7.000000000000000000e+00
6.025134095436457393e+00 1.519885896524150626e+00 6.000000000000000000e+00
1.345737373652804658e+00 -1.240192448376109979e+00 8.000000000000000000e+00
8.196713640898115605e-01 2.115726798252901553e+00 1.400000000000000000e+01
2.339053459205414409e+00 -5.129124871046223388e-01 1.000000000000000000e+01
2.118797276879274438e+00 1.116940577787552069e+00 9.000000000000000000e+00
-3.957084974507804720e+00 -2.128243052749118291e+00 9.000000000000000000e+00
5.850528220024612258e-01 6.695469079018093739e-01 1.200000000000000000e+01
-7.826013425790938616e-01 -7.868687217489289676e-01 8.000000000000000000e+00
2.804885774005366095e+00 3.142913741491065949e+00 1.000000000000000000e+01
-1.132499288841510410e+00 1.589981696104341147e+00 9.000000000000000000e+00
2.618702858189793758e+00 6.442935656989264848e-01 8.000000000000000000e+00
1.208073725457665892e+00 -3.769261391494758695e-01 6.000000000000000000e+00
-6.748312259014123127e-01 9.008617233110173261e-01 1.700000000000000000e+01
-4.133379949935246600e+00 -2.340015220333584001e+00 4.000000000000000000e+00
1.121219699360011868e+00 2.701895737363103400e+00 5.000000000000000000e+00
-6.553925397836072309e-01 2.169146742453288645e+00 1.200000000000000000e+01
1.012980446564599513e+00 1.024216647335914887e+00 1.200000000000000000e+01
-5.458940708715849244e-01 -2.895826384514283564e-02 9.000000000000000000e+00
-1.012215480448773519e+00 3.911675479444905790e+00 1.000000000000000000e+01
6.071239977463694926e-01 2.324569826428429520e-01 1.200000000000000000e+01
1.487251426087188522e+00 -1.035774988509894134e+00 1.200000000000000000e+01
-4.441346920170072821e+00 3.291283254454546725e+00 6.000000000000000000e+00
5.293505827389927143e-01 1.054596968828697134e+00 1.000000000000000000e+01
1.061130536343374509e+00 -2.291036303705957344e+00 1.100000000000000000e+01
5.146176053038982179e-01 1.294885587378670877e+00 1.000000000000000000e+01
-1.780203548858814711e-01 4.166053310231679907e-01 1.000000000000000000e+01
1.369038756345228869e+00 1.694379931318955590e-01 1.100000000000000000e+01
-7.073975850811342614e-02 -1.668081675010806730e+00 1.700000000000000000e+01
1.966751414129247477e+00 7.032436372036433569e-01 9.000000000000000000e+00
4.166598036933567006e-01 3.168379972297875824e+00 9.000000000000000000e+00
2.483910470308313412e-01 -8.082550357837965382e-01 1.400000000000000000e+01
-1.165334094939937559e+00 2.765223190099450612e+00 8.000000000000000000e+00
1.090193665262437328e+00 7.274351408259135399e-01 1.100000000000000000e+01
2.183228867476978419e+00 -6.602414742527297209e-01 1.000000000000000000e+01
4.897082321945907424e+00 3.543261412241855424e-01 1.100000000000000000e+01
2.695568763204946316e-01 -1.557211900355157441e+00 7.000000000000000000e+00
2.658606151317489452e+00 -1.382056840403300235e+00 9.000000000000000000e+00
-1.239667049404804322e+00 -2.621669027225587700e-01 1.000000000000000000e+01
7.176974729313333468e-01 3.913329523874186644e-01 1.200000000000000000e+01
1.421014643710487135e+00 -1.884802542048092278e+00 1.100000000000000000e+01
1.215473922211476099e+00 -6.227045407496985957e-02 1.200000000000000000e+01
2.870506888659993372e+00 -1.707993632586596977e+00 8.000000000000000000e+00
-9.845211256893241503e-01 1.520865673261239337e+00 1.000000000000000000e+01
-7.550144284326915090e-01 -1.873404615903535131e+00 1.100000000000000000e+01
4.023374941758438794e+00 -4.074583477992197583e-02 5.000000000000000000e+00
2.132839121016622652e+00 6.429747265573012571e-01 1.200000000000000000e+01
2.564595421356874461e+00 3.887483115789263532e+00 1.000000000000000000e+01
1.602602281654043281e+00 3.461676172287814213e-01 1.600000000000000000e+01
1.699054602061355057e+00 1.035691359766387931e+00 1.500000000000000000e+01
-1.244039826826407236e+00 -1.122329156287250385e+00 9.000000000000000000e+00
3.983990653543445948e+00 -8.283954469141165955e-01 1.000000000000000000e+01
2.421221517575544713e+00 -3.044818858785643401e-01 6.000000000000000000e+00
5.626479693738166699e-01 -1.885285629468411717e+00 8.000000000000000000e+00
1.592088126212493959e+00 2.726071807874583808e+00 3.000000000000000000e+00
2.485187072928222829e+00 7.957490612367544847e-01 1.400000000000000000e+01
1.797843962332079437e+00 4.100584941415519324e-04 1.100000000000000000e+01
5.954769537291720871e-01 7.049928466900871049e-01 6.000000000000000000e+00
1.039187012430873081e+00 -2.183342547672183720e+00 7.000000000000000000e+00
-1.190145084049604618e+00 -3.714240556413572203e-01 9.000000000000000000e+00
-1.096896959693623996e+00 7.507968224635271914e-01 1.300000000000000000e+01
1.382906127465231227e+00 -1.490113068573698296e+00 7.000000000000000000e+00
1.642353682894361011e+00 -1.610987134584844549e+00 1.300000000000000000e+01
7.409243803560398023e-01 -2.600654367000943878e+00 1.200000000000000000e+01
2.085394123223974550e+00 -5.266200161568497240e-01 9.000000000000000000e+00
4.208656181050096201e+00 -1.586232130774943183e+00 1.400000000000000000e+01
7.720523470843843050e-01 -7.017875368450823270e-01 1.100000000000000000e+01
2.276389002093819336e-01 1.114872940059398410e+00 8.000000000000000000e+00
2.109353571694108920e-01 1.531425014050890265e+00 1.300000000000000000e+01
3.497221107135780049e-01 1.361964883150536432e+00 7.000000000000000000e+00
1.439674772035149042e+00 6.933038578742060087e-01 6.000000000000000000e+00
1.817179989321661804e+00 -2.212925136091028477e+00 1.500000000000000000e+01
3.403073209715759440e+00 -6.555015780222369637e-01 1.500000000000000000e+01
2.412961644205947387e+00 1.636626063221675143e+00 8.000000000000000000e+00
7.798937493827241552e-01 6.949584542004499932e-01 1.100000000000000000e+01
7.735681817909816071e-02 -9.147754689060848543e-01 7.000000000000000000e+00
2.626742512516160866e-01 5.668926310610723079e-02 1.700000000000000000e+01
-9.691210107557216569e-01 1.734342599532434193e+00 6.000000000000000000e+00
1.881447291857896831e+00 7.802691388932893046e-01 1.400000000000000000e+01
4.571394200874215663e+00 -6.785161878826639903e-01 1.100000000000000000e+01
1.538678877035655201e+00 1.444550561496838581e+00 1.000000000000000000e+01
1.280222029609285439e+00 -6.664813361571375605e-01 1.400000000000000000e+01
-3.903063949725186221e-01 -6.081334582051469706e-01 7.000000000000000000e+00
-5.894819360317268275e-01 6.174616386039456506e-01 1.400000000000000000e+01
1.735366457739636603e+00 2.616836573077212069e+00 1.100000000000000000e+01
6.113559650100460624e-02 2.482241921206662927e-01 9.000000000000000000e+00
-7.416016859312765663e-02 -1.206571768748338380e+00 1.400000000000000000e+01
1.791144101436055847e+00 -1.861135867145571554e+00 8.000000000000000000e+00
2.469185565257330239e+00 1.193103659008165618e+00 1.000000000000000000e+01
1.106960843673288064e+00 -2.521691219493237268e-01 1.000000000000000000e+01
-7.727060203587587939e-01 -1.312031919228985766e+00 1.300000000000000000e+01
8.950695144123758940e-02 4.866051134015975665e-01 7.000000000000000000e+00
1.499862076543557743e+00 1.314851805867712775e-01 1.300000000000000000e+01
5.351387478017724852e+00 1.294637131991146717e+00 2.000000000000000000e+00
6.960102790315604304e-01 -3.382377618214441384e+00 3.000000000000000000e+00
6.238552088119406758e-01 2.309210861328611086e-01 8.000000000000000000e+00
1.713255182223103468e-01 4.929375775183313102e-02 1.000000000000000000e+01
2.731056352297154266e+00 1.325814069463110867e+00 7.000000000000000000e+00
7.102383998199751858e+00 1.092794215022965032e+00 4.000000000000000000e+00
4.264950935935941878e+00 2.447563332978727413e+00 1.100000000000000000e+01
2.440207097174908579e+00 2.448666378480333083e+00 1.100000000000000000e+01
4.540840608567957570e-01 -1.051478979632890942e+00 1.300000000000000000e+01
2.515325373843167345e+00 -4.872560682843676716e+00 6.000000000000000000e+00
1.484680787775225497e-01 -2.631300575102190287e+00 3.000000000000000000e+00
9.043580140017026814e-01 1.330174320022534440e+00 8.000000000000000000e+00
3.736851547955683667e-02 -3.325846351819890856e+00 1.300000000000000000e+01
2.102184525903655621e-01 -5.804198573250770599e-01 1.200000000000000000e+01
1.812436270137926519e-01 -3.236249730862300833e+00 7.000000000000000000e+00
4.238308023927311874e-01 2.579955187672187567e+00 1.000000000000000000e+01
2.219290155859278357e+00 -2.624606200012951529e+00 1.300000000000000000e+01
-5.266789870158871123e-01 -2.599078065516366998e-01 1.500000000000000000e+01
2.973698245092308401e+00 -2.624977332406001285e+00 1.100000000000000000e+01
1.180065844659387908e+00 -1.137357704730898034e+00 1.000000000000000000e+01
1.589759909282461470e+00 -3.738919045871757496e-01 1.400000000000000000e+01
1.909974790585094340e+00 4.338692085077648919e-01 1.200000000000000000e+01
2.389415449370074551e+00 -8.640983167255354702e-02 7.000000000000000000e+00
-6.404419712402429354e-01 1.219274036153243479e+00 1.000000000000000000e+01
-2.246401425286335407e-01 2.258973369021329614e+00 1.200000000000000000e+01
1.436938587113731902e+00 3.349086875183985512e+00 1.000000000000000000e+01
5.420585242826121419e-01 1.549917339612298273e+00 1.400000000000000000e+01
3.727793558240008465e-01 -7.455021639609714645e-01 1.200000000000000000e+01
1.092545308513725777e+00 1.822771213273962632e+00 1.000000000000000000e+01
3.439395275139378594e-01 -3.865657076283449900e+00 9.000000000000000000e+00
3.087804051406011663e+00 9.153648191292663994e-02 1.100000000000000000e+01
1.080860896792479764e+00 -6.296118636817750192e-01 9.000000000000000000e+00
-2.704067226028010820e-02 -1.037963386664561671e+00 1.000000000000000000e+01
1.744566193978284607e+00 -1.442314204590926296e+00 9.000000000000000000e+00
1.394507547910195155e+00 -2.584950981372576617e+00 1.000000000000000000e+01
2.392100454126847797e+00 1.582872778360830068e+00 1.300000000000000000e+01
3.199810151690686943e+00 1.528691800905863651e+00 1.000000000000000000e+01
7.653799558735431274e-01 1.189788155758134680e+00 1.100000000000000000e+01
1.519485196940926430e+00 -2.657130973159092857e+00 1.200000000000000000e+01
1.145245965080238015e+00 -1.275309420232796365e+00 6.000000000000000000e+00
5.225527105475777923e-01 -1.413456117355442521e+00 1.300000000000000000e+01
1.529658469076066396e+00 1.017066711471459772e+00 1.000000000000000000e+01
3.774647162183999427e+00 2.184884262344479300e+00 2.000000000000000000e+00
1.569936723196457162e+00 1.258005852747581477e+00 4.000000000000000000e+00
2.055563033294651731e+00 4.029795312539098617e+00 5.000000000000000000e+00
-3.520805355267993875e+00 1.489370273956733604e+00 4.000000000000000000e+00
-8.753251575272734675e-01 -1.329191753049234537e+00 7.000000000000000000e+00
5.118136397658939352e+00 -3.501972384779826086e+00 3.000000000000000000e+00
4.455538882355461361e+00 3.107855895525947876e+00 6.000000000000000000e+00
1.469275205141935325e+00 -6.698793931036238547e+00 4.000000000000000000e+00
2.076838182963897383e-01 2.628005528569483662e-01 9.000000000000000000e+00
1.892105233732798153e+00 4.690074883939145955e+00 4.000000000000000000e+00
7.528247437965355005e+00 2.148114686452846200e+00 1.000000000000000000e+00
3.640214073451722321e+00 4.263207475360570875e+00 4.000000000000000000e+00
1.063944263679769575e+00 2.520776025242910112e+00 3.000000000000000000e+00
9.597102589905137648e-01 1.327907825434751388e+00 8.000000000000000000e+00
1.036000525419467744e+00 4.573367898215176530e-01 6.000000000000000000e+00
1.390792687484378343e+00 1.489589766892073452e+00 5.000000000000000000e+00
1.217978528122987347e+00 -2.140987091015705612e+00 6.000000000000000000e+00
1.601279020724160063e+00 -3.581314649364952807e-01 8.000000000000000000e+00
1.609512164834350001e+00 -3.263629228028283036e-01 7.000000000000000000e+00
8.376604112696598436e-01 -1.334537314135005204e+00 7.000000000000000000e+00
4.245582945183510759e+00 -2.147709879212422734e-01 1.200000000000000000e+01
4.528976411138072145e+00 -2.771348583226278084e+00 7.000000000000000000e+00
-3.641076728574007548e-01 -1.206347132020065160e+00 7.000000000000000000e+00
2.395986579204632871e+00 -1.767709320457757416e+00 6.000000000000000000e+00
2.701399350910162145e+00 3.257403187366115227e-01 6.000000000000000000e+00
-5.273100998886069979e-01 -4.054212924487246572e-01 7.000000000000000000e+00
-5.668215252498993717e-01 -2.570944247085236167e+00 8.000000000000000000e+00
-5.047360424630070036e-02 3.583634883668536553e+00 7.000000000000000000e+00
1.007797899076871673e+00 1.078174683705384496e+00 5.000000000000000000e+00
-2.337914847964565612e-01 -5.199984877152065144e-01 5.000000000000000000e+00
5.091385986782190010e+00 2.055235606481015775e+00 3.000000000000000000e+00
-1.293142872395960818e+00 1.307658747772594943e+00 8.000000000000000000e+00
1.849394980381806164e+00 1.188116261848587846e-01 6.000000000000000000e+00
-5.065914930417393380e-01 1.505961133214647418e+00 6.000000000000000000e+00
1.539948626056422132e+00 -2.837804529834643930e+00 4.000000000000000000e+00
-2.023369427347103233e+00 3.061440763105913732e+00 5.000000000000000000e+00
5.329341480835095624e+00 3.796150349241253608e+00 2.000000000000000000e+00
1.082739339345359042e+00 3.884577139713076832e+00 4.000000000000000000e+00
-3.062235953812481259e+00 8.410785881573298317e-01 7.000000000000000000e+00
3.219389939340242535e+00 1.707893178159047842e+00 6.000000000000000000e+00
-2.622710364236574776e+00 -1.354518698532124032e+00 2.000000000000000000e+00
