3.482776887119144044e-02
5.690947867608025373e-02
7.896881522638297957e-02
1.000180442974121925e-01
1.218719653028147720e-01
1.429617087667519881e-01
1.631867882699719607e-01
1.838544678383713105e-01
2.049841640856268077e-01
2.249679850444279150e-01
2.451609544707776811e-01
2.653171338460524331e-01
2.850548086627809341e-01
3.045358501210731483e-01
3.240746175532900897e-01
3.431859173476239921e-01
3.621902180404628635e-01
3.810862778483538604e-01
3.996590548143003074e-01
4.188012659811646277e-01
4.379259720918588505e-01
4.561774597803011644e-01
4.745680527059943365e-01
4.935915369870074731e-01
5.114455683062320013e-01
5.295859440843441179e-01
5.481913260667840015e-01
5.660589025254417761e-01
5.844166532159277283e-01
6.016266249311859049e-01
6.196947554030429739e-01
6.376569173635109333e-01
6.552655690474389338e-01
6.727612096156987409e-01
6.907295594318342280e-01
7.086509124820916661e-01
7.274236346086265792e-01
7.455701676728835325e-01
7.637152969894965837e-01
7.827443636048154740e-01
8.010065473524717872e-01
8.192942650051452391e-01
8.380404382429103016e-01
8.563089392548015599e-01
8.744341385495812968e-01
8.933820925310126393e-01
9.120194883083074799e-01
9.309002145872139478e-01
9.503770121950464445e-01
9.692314783911831766e-01